123859	+84100	+200	+0.24	+84200	+84100	-44	278208	23486	+84000	+85300	-83500	2	-259071	-21443091700	-51.78	0.17	279	101.96	137628	2	0	-52.27	000000	000000	7654	090029	094632	092008	134278	136910	+50.49	2230	2941	-3700	-44	 0	-44	16820	13456
123859	+84100	+200	+0.24	+84200	+84100	-5	278213	23487	+84000	+85300	-83500	2	-259066	-21442671200	-51.78	0.17	279	101.96	137628	2	0	-52.28	000000	000000	7654	090029	094632	092008	134283	136910	+50.48	2231	2941	-420	-5	 0	-5	16820	13456
123903	+84100	+200	+0.24	+84200	+84100	-5	278218	23487	+84000	+85300	-83500	2	-259061	-21442250700	-51.78	0.17	279	101.95	137628	2	0	-52.28	000000	000000	7653	090029	094632	092008	134288	136910	+50.48	2232	2941	-420	-5	 0	-5	16820	13456
123903	+84200	+300	+0.36	+84200	+84100	+1	278219	23487	+84000	+85300	-83500	2	-259060	-21442166500	-51.78	0.17	279	101.95	137791	2	0	-52.28	000000	000000	7653	090029	094632	092008	134288	136911	+50.48	2232	2942	+84	 0	+1	+1	16840	13472
124753	+84000	+100	+0.12	+84100	+84000	-4	283054	23894	+84000	+85300	-83500	2	-254225	-21035615800	-52.68	0.17	279	99.35	137464	2	0	-53.18	000000	000000	7664	090029	094632	092008	138469	137565	-49.84	2331	2992	-336	-4	 0	-4	16800	13440
124758	+84100	+200	+0.24	+84100	+84000	+4	283058	23894	+84000	+85300	-83500	2	-254221	-21035279400	-52.68	0.17	279	99.35	137628	2	0	-53.18	000000	000000	7664	090029	094632	092008	138469	137569	-49.84	2331	2993	+336	 0	+4	+4	16820	13456
124759	+84000	+100	+0.12	+84100	+84000	-1	283059	23894	+84000	+85300	-83500	2	-254220	-21035195400	-52.68	0.17	279	99.35	137464	2	0	-53.18	000000	000000	7664	090029	094632	092008	138470	137569	-49.84	2332	2993	-84	-1	 0	-1	16800	13440
124805	+84100	+200	+0.24	+84100	+84000	+15	283074	23895	+84000	+85300	-83500	2	-254205	-21033933900	-52.69	0.17	279	99.36	137628	2	0	-53.18	000000	000000	7663	090029	094632	092008	138470	137584	-49.84	2332	2994	+1261	 0	+15	+15	16820	13456
124809	+84000	+100	+0.12	+84100	+84000	-8	283082	23896	+84000	+85300	-83500	2	-254197	-21033261900	-52.69	0.17	279	99.35	137464	2	0	-53.19	000000	000000	7663	090029	094632	092008	138478	137584	-49.84	2333	2994	-672	-8	 0	-8	16800	13440
124820	+84000	+100	+0.12	+84100	+84000	-1	283083	23896	+84000	+85300	-83500	2	-254196	-21033177900	-52.69	0.17	279	99.35	137464	2	0	-53.19	000000	000000	7663	090029	094632	092008	138479	137584	-49.84	2334	2994	-84	-1	 0	-1	16800	13440
124820	+84000	+100	+0.12	+84100	+84000	-1	283084	23896	+84000	+85300	-83500	2	-254195	-21033093900	-52.69	0.17	279	99.35	137464	2	0	-53.19	000000	000000	7663	090029	094632	092008	138480	137584	-49.84	2335	2994	-84	-1	 0	-1	16800	13440
124910	+84000	+100	+0.12	+84100	+84000	-35	284390	24006	+84000	+85300	-83500	2	-252889	-20923389300	-52.93	0.17	279	98.43	137464	2	0	-53.43	000000	000000	7686	090029	094632	092008	139780	137590	-49.61	2352	2997	-2940	-35	 0	-35	16800	13440
124912	+84000	+100	+0.12	+84100	+84000	-10	284400	24007	+84000	+85300	-83500	2	-252879	-20922549300	-52.93	0.17	279	98.43	137464	2	0	-53.43	000000	000000	7686	090029	094632	092008	139790	137590	-49.60	2353	2997	-840	-10	 0	-10	16800	13440
124913	+84000	+100	+0.12	+84100	+84000	-60	284460	24012	+84000	+85300	-83500	2	-252819	-20917509300	-52.94	0.17	279	98.38	137464	2	0	-53.44	000000	000000	7688	090029	094632	092008	139850	137590	-49.59	2354	2997	-5040	-60	 0	-60	16800	13440
124914	+84000	+100	+0.12	+84100	+84000	-5	284465	24012	+84000	+85300	-83500	2	-252814	-20917089300	-52.95	0.17	279	98.38	137464	2	0	-53.45	000000	000000	7688	090029	094632	092008	139855	137590	-49.59	2355	2997	-420	-5	 0	-5	16800	13440
124919	+84000	+100	+0.12	+84100	+84000	-2	284467	24012	+84000	+85300	-83500	2	-252812	-20916921300	-52.95	0.17	279	98.38	137464	2	0	-53.45	000000	000000	7688	090029	094632	092008	139857	137590	-49.59	2356	2997	-168	-2	 0	-2	16800	13440
124919	+84000	+100	+0.12	+84100	+84000	-2	284469	24013	+84000	+85300	-83500	2	-252810	-20916753300	-52.95	0.17	279	98.38	137464	2	0	-53.45	000000	000000	7688	090029	094632	092008	139859	137590	-49.59	2357	2997	-168	-2	 0	-2	16800	13440
124923	+84100	+200	+0.24	+84100	+84000	+5	284474	24013	+84000	+85300	-83500	2	-252805	-20916332800	-52.95	0.17	279	98.38	137628	2	0	-53.45	000000	000000	7688	090029	094632	092008	139859	137595	-49.59	2357	2998	+420	 0	+5	+5	16820	13456
124926	+84000	+100	+0.12	+84100	+84000	-8	284482	24014	+84000	+85300	-83500	2	-252797	-20915660800	-52.95	0.17	279	98.38	137464	2	0	-53.45	000000	000000	7688	090029	094632	092008	139867	137595	-49.59	2358	2998	-672	-8	 0	-8	16800	13440
124927	+84000	+100	+0.12	+84100	+84000	-21	284503	24015	+84000	+85300	-83500	2	-252776	-20913896800	-52.95	0.17	279	98.36	137464	2	0	-53.45	000000	000000	7689	090029	094632	092008	139888	137595	-49.59	2359	2998	-1764	-21	 0	-21	16800	13440
124929	+84000	+100	+0.12	+84100	+84000	-56	284559	24020	+84000	+85300	-83500	2	-252720	-20909192800	-52.96	0.17	279	98.32	137464	2	0	-53.46	000000	000000	7690	090029	094632	092008	139944	137595	-49.58	2360	2998	-4704	-56	 0	-56	16800	13440
124936	+84000	+100	+0.12	+84100	+84000	-8	284567	24021	+84000	+85300	-83500	2	-252712	-20908520800	-52.96	0.17	279	98.32	137464	2	0	-53.46	000000	000000	7688	090029	094632	092008	139952	137595	-49.58	2361	2998	-672	-8	 0	-8	16800	13440
124940	+84100	+200	+0.24	+84100	+84000	+15	284582	24022	+84000	+85300	-83500	2	-252697	-20907259300	-52.97	0.17	279	98.33	137628	2	0	-53.47	000000	000000	7688	090029	094632	092008	139952	137610	-49.58	2361	2999	+1261	 0	+15	+15	16820	13456
124943	+84000	+100	+0.12	+84100	+84000	-1	284583	24022	+84000	+85300	-83500	2	-252696	-20907175300	-52.97	0.17	279	98.33	137464	2	0	-53.47	000000	000000	7688	090029	094632	092008	139953	137610	-49.58	2362	2999	-84	-1	 0	-1	16800	13440
124947	+84000	+100	+0.12	+84100	+84000	-39	284622	24025	+84000	+85300	-83500	2	-252657	-20903899300	-52.97	0.17	279	98.30	137464	2	0	-53.47	000000	000000	7689	090029	094632	092008	139992	137610	-49.57	2363	2999	-3276	-39	 0	-39	16800	13440
124953	+84000	+100	+0.12	+84100	+84000	-3	284625	24026	+84000	+85300	-83500	2	-252654	-20903647300	-52.98	0.17	279	98.30	137464	2	0	-53.47	000000	000000	7689	090029	094632	092008	139995	137610	-49.57	2364	2999	-252	-3	 0	-3	16800	13440
124956	+84100	+200	+0.24	+84100	+84000	+9	284634	24027	+84000	+85300	-83500	2	-252645	-20902890400	-52.98	0.17	279	98.30	137628	2	0	-53.48	000000	000000	7690	090029	094632	092008	139995	137619	-49.57	2364	3000	+756	 0	+9	+9	16820	13456
124958	+84000	+100	+0.12	+84100	+84000	-17	284651	24028	+84000	+85300	-83500	2	-252628	-20901462400	-52.98	0.17	279	98.29	137464	2	0	-53.48	000000	000000	7690	090029	094632	092008	140012	137619	-49.57	2365	3000	-1428	-17	 0	-17	16800	13440
124959	+84000	+100	+0.12	+84100	+84000	-56	284707	24033	+84000	+85300	-83500	2	-252572	-20896758400	-52.99	0.17	279	98.25	137464	2	0	-53.49	000000	000000	7692	090029	094632	092008	140068	137619	-49.56	2366	3000	-4704	-56	 0	-56	16800	13440
125001	+84000	+100	+0.12	+84100	+84000	-50	284757	24037	+84000	+85300	-83500	2	-252522	-20892558400	-53.00	0.17	279	98.22	137464	2	0	-53.50	000000	000000	7689	090029	094632	092008	140118	137619	-49.55	2367	3000	-4200	-50	 0	-50	16800	13440
125001	+84000	+100	+0.12	+84100	+84000	-50	284807	24041	+84000	+85300	-83500	2	-252472	-20888358400	-53.01	0.17	279	98.18	137464	2	0	-53.51	000000	000000	7690	090029	094632	092008	140168	137619	-49.54	2368	3000	-4200	-50	 0	-50	16800	13440
125001	+84000	+100	+0.12	+84100	+84000	-50	284857	24045	+84000	+85300	-83500	2	-252422	-20884158400	-53.02	0.17	279	98.15	137464	2	0	-53.52	000000	000000	7692	090029	094632	092008	140218	137619	-49.53	2369	3000	-4200	-50	 0	-50	16800	13440
125001	+84000	+100	+0.12	+84100	+84000	-50	284907	24049	+84000	+85300	-83500	2	-252372	-20879958400	-53.03	0.17	279	98.11	137464	2	0	-53.53	000000	000000	7693	090029	094632	092008	140268	137619	-49.52	2370	3000	-4200	-50	 0	-50	16800	13440
125001	+84000	+100	+0.12	+84100	+84000	-50	284957	24054	+84000	+85300	-83500	2	-252322	-20875758400	-53.04	0.17	279	98.08	137464	2	0	-53.54	000000	000000	7694	090029	094632	092008	140318	137619	-49.51	2371	3000	-4200	-50	 0	-50	16800	13440
125001	+84000	+100	+0.12	+84100	+84000	-189	285146	24070	+84000	+85300	-83500	2	-252133	-20859882400	-53.07	0.17	279	97.94	137464	2	0	-53.57	000000	000000	7700	090029	094632	092008	140507	137619	-49.48	2372	3000	-15876	-189	 0	-189	16800	13440
125001	+84000	+100	+0.12	+84100	+84000	-4	285150	24070	+84000	+85300	-83500	2	-252129	-20859546400	-53.07	0.17	279	97.94	137464	2	0	-53.57	000000	000000	7700	090029	094632	092008	140511	137619	-49.48	2373	3000	-336	-4	 0	-4	16800	13440
125002	+84000	+100	+0.12	+84100	+84000	-100	285250	24078	+84000	+85300	-83500	2	-252029	-20851146400	-53.09	0.17	279	97.87	137464	2	0	-53.59	000000	000000	7702	090029	094632	092008	140611	137619	-49.46	2374	3000	-8400	-100	 0	-100	16800	13440
125002	+84000	+100	+0.12	+84100	+84000	-93	285343	24086	+84000	+85300	-83500	2	-251936	-20843334400	-53.11	0.17	279	97.81	137464	2	0	-53.61	000000	000000	7705	090029	094632	092008	140704	137619	-49.45	2375	3000	-7812	-93	 0	-93	16800	13440
125002	+84000	+100	+0.12	+84100	+84000	-93	285436	24094	+84000	+85300	-83500	2	-251843	-20835522400	-53.13	0.17	279	97.74	137464	2	0	-53.63	000000	000000	7707	090029	094632	092008	140797	137619	-49.43	2376	3000	-7812	-93	 0	-93	16800	13440
125002	+84000	+100	+0.12	+84100	+84000	-189	285625	24110	+84000	+85300	-83500	2	-251654	-20819646400	-53.16	0.17	279	97.61	137464	2	0	-53.66	000000	000000	7712	090029	094632	092008	140986	137619	-49.40	2377	3000	-15876	-189	 0	-189	16800	13440
125002	+84000	+100	+0.12	+84000	 83900	-127	285752	24120	+84000	+85300	-83500	2	-251527	-20808978400	-53.19	0.17	279	97.52	137464	2	0	-53.69	000000	000000	7716	090029	094632	092008	141113	137619	-49.37	2378	3000	-10668	-127	 0	-127	16800	13440
125006	+84000	+100	+0.12	+84000	 83900	+2	285754	24121	+84000	+85300	-83500	2	-251525	-20808810400	-53.19	0.17	279	97.53	137464	2	0	-53.69	000000	000000	7716	090029	094632	092008	141113	137621	-49.37	2378	3001	+168	 0	+2	+2	16800	13440
125006	+84000	+100	+0.12	+84000	 83900	+100	285854	24129	+84000	+85300	-83500	2	-251425	-20800410400	-53.20	0.17	279	97.60	137464	2	0	-53.70	000000	000000	7719	090029	094632	092008	141113	137721	-49.39	2378	3002	+8400	 0	+100	+100	16800	13440
125008	+84000	+100	+0.12	+84000	 83900	+1	285855	24129	+84000	+85300	-83500	2	-251424	-20800326400	-53.20	0.17	279	97.60	137464	2	0	-53.70	000000	000000	7719	090029	094632	092008	141113	137722	-49.39	2378	3003	+84	 0	+1	+1	16800	13440
125017	+84000	+100	+0.12	+84000	 83900	+31	285886	24132	+84000	+85300	-83500	2	-251393	-20797722400	-53.21	0.17	279	97.62	137464	2	0	-53.71	000000	000000	7720	090029	094632	092008	141113	137753	-49.40	2378	3004	+2604	 0	+31	+31	16800	13440
125021	+84000	+100	+0.12	+84000	 83900	+3	285889	24132	+84000	+85300	-83500	2	-251390	-20797470400	-53.21	0.17	279	97.62	137464	2	0	-53.71	000000	000000	7720	090029	094632	092008	141113	137756	-49.40	2378	3005	+252	 0	+3	+3	16800	13440
125025	+84000	+100	+0.12	+84000	 83900	+1	285890	24132	+84000	+85300	-83500	2	-251389	-20797386400	-53.21	0.17	279	97.62	137464	2	0	-53.71	000000	000000	7720	090029	094632	092008	141113	137757	-49.40	2378	3006	+84	 0	+1	+1	16800	13440
125027	+84000	+100	+0.12	+84000	 83900	+10	285900	24133	+84000	+85300	-83500	2	-251379	-20796546400	-53.21	0.17	279	97.63	137464	2	0	-53.71	000000	000000	7720	090029	094632	092008	141113	137767	-49.40	2378	3007	+840	 0	+10	+10	16800	13440
125030	 83900	 0	0.00	+84000	 83900	-1	285901	24133	+84000	+85300	-83500	3	-251378	-20796462500	-53.21	0.17	278	97.63	137301	2	0	-53.71	000000	000000	7717	090029	094632	092008	141114	137767	-49.40	2379	3007	-83	-1	 0	-1	16780	13424
125042	+84000	+100	+0.12	+84000	 83900	+9	285910	24134	+84000	+85300	-83500	2	-251369	-20795706500	-53.21	0.17	279	97.63	137464	2	0	-53.72	000000	000000	7718	090029	094632	092008	141114	137776	-49.40	2379	3008	+756	 0	+9	+9	16800	13440
125047	+84000	+100	+0.12	+84000	 83900	+5	285915	24134	+84000	+85300	-83500	2	-251364	-20795286500	-53.22	0.17	279	97.64	137464	2	0	-53.72	000000	000000	7718	090029	094632	092008	141114	137781	-49.40	2379	3009	+420	 0	+5	+5	16800	13440
125049	+84000	+100	+0.12	+84000	 83900	+9	285924	24135	+84000	+85300	-83500	2	-251355	-20794530500	-53.22	0.17	279	97.64	137464	2	0	-53.72	000000	000000	7718	090029	094632	092008	141114	137790	-49.40	2379	3010	+756	 0	+9	+9	16800	13440
125056	 83900	 0	0.00	+84000	 83900	-4	285928	24135	+84000	+85300	-83500	3	-251351	-20794194900	-53.22	0.17	278	97.64	137301	2	0	-53.72	000000	000000	7718	090029	094632	092008	141118	137790	-49.40	2380	3010	-335	-4	 0	-4	16780	13424
125104	 83900	 0	0.00	+84000	 83900	-7	285935	24136	+84000	+85300	-83500	3	-251344	-20793607600	-53.22	0.17	278	97.64	137301	2	0	-53.72	000000	000000	7674	090029	094632	092008	141125	137790	-49.40	2381	3010	-587	-7	 0	-7	16780	13424
125105	 83900	 0	0.00	+84000	 83900	-2	285937	24136	+84000	+85300	-83500	3	-251342	-20793439800	-53.22	0.17	278	97.64	137301	2	0	-53.72	000000	000000	7674	090029	094632	092008	141127	137790	-49.40	2382	3010	-167	-2	 0	-2	16780	13424
125108	+84000	+100	+0.12	+84000	 83900	+5	285942	24136	+84000	+85300	-83500	2	-251337	-20793019800	-53.22	0.17	279	97.64	137464	2	0	-53.72	000000	000000	7675	090029	094632	092008	141127	137795	-49.40	2382	3011	+420	 0	+5	+5	16800	13440
125113	+84000	+100	+0.12	+84000	 83900	+1	285943	24136	+84000	+85300	-83500	2	-251336	-20792935800	-53.22	0.17	279	97.64	137464	2	0	-53.72	000000	000000	7675	090029	094632	092008	141127	137796	-49.40	2382	3012	+84	 0	+1	+1	16800	13440
125116	+84000	+100	+0.12	+84000	 83900	+16	285959	24138	+84000	+85300	-83500	2	-251320	-20791591800	-53.22	0.17	279	97.65	137464	2	0	-53.72	000000	000000	7675	090029	094632	092008	141127	137812	-49.41	2382	3013	+1344	 0	+16	+16	16800	13440
125120	+84000	+100	+0.12	+84000	 83900	+1	285960	24138	+84000	+85300	-83500	2	-251319	-20791507800	-53.22	0.17	279	97.65	137464	2	0	-53.72	000000	000000	7675	090029	094632	092008	141127	137813	-49.41	2382	3014	+84	 0	+1	+1	16800	13440
125123	 83900	 0	0.00	+84000	 83900	-1	285961	24138	+84000	+85300	-83500	3	-251318	-20791423900	-53.22	0.17	278	97.65	137301	2	0	-53.72	000000	000000	7675	090029	094632	092008	141128	137813	-49.41	2383	3014	-83	-1	 0	-1	16780	13424
125125	+84000	+100	+0.12	+84000	 83900	+1	285962	24138	+84000	+85300	-83500	2	-251317	-20791339900	-53.22	0.17	279	97.65	137464	2	0	-53.72	000000	000000	7675	090029	094632	092008	141128	137814	-49.41	2383	3015	+84	 0	+1	+1	16800	13440
125127	 83900	 0	0.00	+84000	 83900	-1	285963	24138	+84000	+85300	-83500	3	-251316	-20791256000	-53.22	0.17	278	97.65	137301	2	0	-53.73	000000	000000	7675	090029	094632	092008	141129	137814	-49.41	2384	3015	-83	-1	 0	-1	16780	13424
125130	 83900	 0	0.00	+84000	 83900	-1	285964	24138	+84000	+85300	-83500	3	-251315	-20791172100	-53.22	0.17	278	97.65	137301	2	0	-53.73	000000	000000	7644	090029	094632	092008	141130	137814	-49.41	2385	3015	-83	-1	 0	-1	16780	13424
125134	 83900	 0	0.00	+84000	 83900	-9	285973	24139	+84000	+85300	-83500	3	-251306	-20790417000	-53.23	0.17	278	97.64	137301	2	0	-53.73	000000	000000	7645	090029	094632	092008	141139	137814	-49.40	2386	3015	-755	-9	 0	-9	16780	13424
125137	 83900	 0	0.00	+84000	 83900	-1	285974	24139	+84000	+85300	-83500	3	-251305	-20790333100	-53.23	0.17	278	97.64	137301	2	0	-53.73	000000	000000	7645	090029	094632	092008	141140	137814	-49.40	2387	3015	-83	-1	 0	-1	16780	13424
125139	 83900	 0	0.00	+84000	 83900	-5	285979	24139	+84000	+85300	-83500	3	-251300	-20789913600	-53.23	0.17	278	97.64	137301	2	0	-53.73	000000	000000	7645	090029	094632	092008	141145	137814	-49.40	2388	3015	-419	-5	 0	-5	16780	13424
125151	 83900	 0	0.00	+84000	 83900	-17	285996	24141	+84000	+85300	-83500	3	-251283	-20788487300	-53.23	0.17	278	97.63	137301	2	0	-53.73	000000	000000	7645	090029	094632	092008	141162	137814	-49.40	2389	3015	-1426	-17	 0	-17	16780	13424
125151	 83900	 0	0.00	+84000	 83900	-4	286000	24141	+84000	+85300	-83500	3	-251279	-20788151700	-53.23	0.17	278	97.63	137301	2	0	-53.73	000000	000000	7645	090029	094632	092008	141166	137814	-49.40	2390	3015	-335	-4	 0	-4	16780	13424
125152	 83900	 0	0.00	+84000	 83900	-13	286013	24142	+84000	+85300	-83500	3	-251266	-20787061000	-53.23	0.17	278	97.62	137301	2	0	-53.73	000000	000000	7646	090029	094632	092008	141179	137814	-49.40	2391	3015	-1090	-13	 0	-13	16780	13424
125153	 83900	 0	0.00	+84000	 83900	-1	286014	24142	+84000	+85300	-83500	3	-251265	-20786977100	-53.23	0.17	278	97.62	137301	2	0	-53.73	000000	000000	7646	090029	094632	092008	141180	137814	-49.40	2392	3015	-83	-1	 0	-1	16780	13424
125211	+84000	+100	+0.12	+84000	 83900	+4	286018	24143	+84000	+85300	-83500	2	-251261	-20786641100	-53.23	0.17	279	97.62	137464	2	0	-53.74	000000	000000	7613	090029	094632	092008	141180	137818	-49.40	2392	3016	+336	 0	+4	+4	16800	13440
125213	 83900	 0	0.00	+84000	 83900	-3	286021	24143	+84000	+85300	-83500	3	-251258	-20786389400	-53.24	0.17	278	97.62	137301	2	0	-53.74	000000	000000	7613	090029	094632	092008	141183	137818	-49.40	2393	3016	-251	-3	 0	-3	16780	13424
125216	 83900	 0	0.00	+84000	 83900	-4	286025	24143	+84000	+85300	-83500	3	-251254	-20786053800	-53.24	0.17	278	97.61	137301	2	0	-53.74	000000	000000	7614	090029	094632	092008	141187	137818	-49.40	2394	3016	-335	-4	 0	-4	16780	13424
125219	 83900	 0	0.00	+84000	 83900	-7	286032	24144	+84000	+85300	-83500	3	-251247	-20785466500	-53.24	0.17	278	97.61	137301	2	0	-53.74	000000	000000	7614	090029	094632	092008	141194	137818	-49.40	2395	3016	-587	-7	 0	-7	16780	13424
125221	 83900	 0	0.00	+84000	 83900	-22	286054	24146	+84000	+85300	-83500	3	-251225	-20783620700	-53.24	0.17	278	97.59	137301	2	0	-53.74	000000	000000	7614	090029	094632	092008	141216	137818	-49.39	2396	3016	-1845	-22	 0	-22	16780	13424
125221	 83900	 0	0.00	+84000	 83900	-1	286055	24146	+84000	+85300	-83500	3	-251224	-20783536800	-53.24	0.17	278	97.59	137301	2	0	-53.74	000000	000000	7614	090029	094632	092008	141217	137818	-49.39	2397	3016	-83	-1	 0	-1	16780	13424
125225	 83900	 0	0.00	+84000	 83900	-11	286066	24147	+84000	+85300	-83500	3	-251213	-20782613900	-53.24	0.17	278	97.59	137301	2	0	-53.74	000000	000000	7615	090029	094632	092008	141228	137818	-49.39	2398	3016	-922	-11	 0	-11	16780	13424
125225	 83900	 0	0.00	+84000	 83900	-1	286067	24147	+84000	+85300	-83500	3	-251212	-20782530000	-53.24	0.17	278	97.58	137301	2	0	-53.74	000000	000000	7615	090029	094632	092008	141229	137818	-49.39	2399	3016	-83	-1	 0	-1	16780	13424
125231	 83900	 0	0.00	+84000	 83900	-64	286131	24152	+84000	+85300	-83500	3	-251148	-20777160400	-53.26	0.17	278	97.54	137301	2	0	-53.76	000000	000000	7613	090029	094632	092008	141293	137818	-49.38	2400	3016	-5369	-64	 0	-64	16780	13424
125236	 83900	 0	0.00	+84000	 83900	-21	286152	24154	+84000	+85300	-83500	3	-251127	-20775398500	-53.26	0.17	278	97.53	137301	2	0	-53.76	000000	000000	7614	090029	094632	092008	141314	137818	-49.37	2401	3016	-1761	-21	 0	-21	16780	13424
125237	 83900	 0	0.00	+84000	 83900	-1	286153	24154	+84000	+85300	-83500	3	-251126	-20775314600	-53.26	0.17	278	97.53	137301	2	0	-53.76	000000	000000	7614	090029	094632	092008	141315	137818	-49.37	2402	3016	-83	-1	 0	-1	16780	13424
125238	 83900	 0	0.00	+84000	 83900	-5	286158	24154	+84000	+85300	-83500	3	-251121	-20774895100	-53.26	0.17	278	97.52	137301	2	0	-53.76	000000	000000	7614	090029	094632	092008	141320	137818	-49.37	2403	3016	-419	-5	 0	-5	16780	13424
125239	 83900	 0	0.00	+84000	 83900	-1	286159	24155	+84000	+85300	-83500	3	-251120	-20774811200	-53.26	0.17	278	97.52	137301	2	0	-53.76	000000	000000	7614	090029	094632	092008	141321	137818	-49.37	2404	3016	-83	-1	 0	-1	16780	13424
125239	 83900	 0	0.00	+84000	 83900	-1	286160	24155	+84000	+85300	-83500	3	-251119	-20774727300	-53.26	0.17	278	97.52	137301	2	0	-53.76	000000	000000	7614	090029	094632	092008	141322	137818	-49.37	2405	3016	-83	-1	 0	-1	16780	13424
125240	 83900	 0	0.00	+84000	 83900	-1	286161	24155	+84000	+85300	-83500	3	-251118	-20774643400	-53.26	0.17	278	97.52	137301	2	0	-53.76	000000	000000	7614	090029	094632	092008	141323	137818	-49.37	2406	3016	-83	-1	 0	-1	16780	13424
125243	 83900	 0	0.00	+84000	 83900	-1	286162	24155	+84000	+85300	-83500	3	-251117	-20774559500	-53.26	0.17	278	97.52	137301	2	0	-53.76	000000	000000	7614	090029	094632	092008	141324	137818	-49.37	2407	3016	-83	-1	 0	-1	16780	13424
125251	 83900	 0	0.00	+84000	 83900	-18	286180	24156	+84000	+85300	-83500	3	-251099	-20773049300	-53.26	0.17	278	97.51	137301	2	0	-53.77	000000	000000	7615	090029	094632	092008	141342	137818	-49.37	2408	3016	-1510	-18	 0	-18	16780	13424
125251	 83900	 0	0.00	+84000	 83900	-2	286182	24157	+84000	+85300	-83500	3	-251097	-20772881500	-53.27	0.17	278	97.51	137301	2	0	-53.77	000000	000000	7615	090029	094632	092008	141344	137818	-49.37	2409	3016	-167	-2	 0	-2	16780	13424
125251	+84000	+100	+0.12	+84000	 83900	+4	286186	24157	+84000	+85300	-83500	2	-251093	-20772545500	-53.27	0.17	279	97.51	137464	2	0	-53.77	000000	000000	7615	090029	094632	092008	141344	137822	-49.37	2409	3017	+336	 0	+4	+4	16800	13440
125251	+84000	+100	+0.12	+84000	 83900	+15	286201	24158	+84000	+85300	-83500	2	-251078	-20771285500	-53.27	0.17	279	97.52	137464	2	0	-53.77	000000	000000	7615	090029	094632	092008	141344	137837	-49.37	2409	3018	+1260	 0	+15	+15	16800	13440
125253	 83900	 0	0.00	+84000	 83900	-1	286202	24158	+84000	+85300	-83500	3	-251077	-20771201600	-53.27	0.17	278	97.52	137301	2	0	-53.77	000000	000000	7615	090029	094632	092008	141345	137837	-49.37	2410	3018	-83	-1	 0	-1	16780	13424
125253	 83900	 0	0.00	+84000	 83900	-4	286206	24159	+84000	+85300	-83500	3	-251073	-20770866000	-53.27	0.17	278	97.52	137301	2	0	-53.77	000000	000000	7615	090029	094632	092008	141349	137837	-49.37	2411	3018	-335	-4	 0	-4	16780	13424
125253	 83900	 0	0.00	+84000	 83900	-4	286210	24159	+84000	+85300	-83500	3	-251069	-20770530400	-53.27	0.17	278	97.51	137301	2	0	-53.77	000000	000000	7615	090029	094632	092008	141353	137837	-49.37	2412	3018	-335	-4	 0	-4	16780	13424
125254	+84000	+100	+0.12	+84000	 83900	+10	286220	24160	+84000	+85300	-83500	2	-251059	-20769690400	-53.27	0.17	279	97.52	137464	2	0	-53.77	000000	000000	7616	090029	094632	092008	141353	137847	-49.37	2412	3019	+840	 0	+10	+10	16800	13440
125304	 83900	 0	0.00	+84000	 83900	-1	286221	24160	+84000	+85300	-83500	3	-251058	-20769606500	-53.27	0.17	278	97.52	137301	2	0	-53.77	000000	000000	7614	090029	094632	092008	141354	137847	-49.37	2413	3019	-83	-1	 0	-1	16780	13424
125310	 83900	 0	0.00	+84000	 83900	-1	286222	24160	+84000	+85300	-83500	3	-251057	-20769522600	-53.27	0.17	278	97.52	137301	2	0	-53.77	000000	000000	7614	090029	094632	092008	141355	137847	-49.37	2414	3019	-83	-1	 0	-1	16780	13424
125313	 83900	 0	0.00	+84000	 83900	-6	286228	24160	+84000	+85300	-83500	3	-251051	-20769019200	-53.27	0.17	278	97.51	137301	2	0	-53.77	000000	000000	7614	090029	094632	092008	141361	137847	-49.37	2415	3019	-503	-6	 0	-6	16780	13424
125315	 83900	 0	0.00	+84000	 83900	-1	286229	24160	+84000	+85300	-83500	3	-251050	-20768935300	-53.27	0.17	278	97.51	137301	2	0	-53.77	000000	000000	7614	090029	094632	092008	141362	137847	-49.37	2416	3019	-83	-1	 0	-1	16780	13424
125319	 83900	 0	0.00	+84000	 83900	-3	286232	24161	+84000	+85300	-83500	3	-251047	-20768683600	-53.27	0.17	278	97.51	137301	2	0	-53.78	000000	000000	7614	090029	094632	092008	141365	137847	-49.37	2417	3019	-251	-3	 0	-3	16780	13424
125319	 83900	 0	0.00	+84000	 83900	-2	286234	24161	+84000	+85300	-83500	3	-251045	-20768515800	-53.27	0.17	278	97.51	137301	2	0	-53.78	000000	000000	7614	090029	094632	092008	141367	137847	-49.37	2418	3019	-167	-2	 0	-2	16780	13424
125321	 83900	 0	0.00	+84000	 83900	-1	286235	24161	+84000	+85300	-83500	3	-251044	-20768431900	-53.27	0.17	278	97.51	137301	2	0	-53.78	000000	000000	7614	090029	094632	092008	141368	137847	-49.37	2419	3019	-83	-1	 0	-1	16780	13424
125328	 83900	 0	0.00	+84000	 83900	-2	286237	24161	+84000	+85300	-83500	3	-251042	-20768264100	-53.28	0.17	278	97.51	137301	2	0	-53.78	000000	000000	7614	090029	094632	092008	141370	137847	-49.37	2420	3019	-167	-2	 0	-2	16780	13424
125328	+84000	+100	+0.12	+84000	 83900	+16	286253	24162	+84000	+85300	-83500	2	-251026	-20766920100	-53.28	0.17	279	97.52	137464	2	0	-53.78	000000	000000	7615	090029	094632	092008	141370	137863	-49.37	2420	3020	+1344	 0	+16	+16	16800	13440
125330	+84000	+100	+0.12	+84000	 83900	+5	286258	24163	+84000	+85300	-83500	2	-251021	-20766500100	-53.28	0.17	279	97.52	137464	2	0	-53.78	000000	000000	7613	090029	094632	092008	141370	137868	-49.37	2420	3021	+420	 0	+5	+5	16800	13440
125335	 83900	 0	0.00	+84000	 83900	-1	286259	24163	+84000	+85300	-83500	3	-251020	-20766416200	-53.28	0.17	278	97.52	137301	2	0	-53.78	000000	000000	7613	090029	094632	092008	141371	137868	-49.37	2421	3021	-83	-1	 0	-1	16780	13424
125346	 83900	 0	0.00	+84000	 83900	-1	286260	24163	+84000	+85300	-83500	3	-251019	-20766332300	-53.28	0.17	278	97.52	137301	2	0	-53.78	000000	000000	7613	090029	094632	092008	141372	137868	-49.37	2422	3021	-83	-1	 0	-1	16780	13424
125348	+84000	+100	+0.12	+84000	 83900	+3	286263	24163	+84000	+85300	-83500	2	-251016	-20766080300	-53.28	0.17	279	97.52	137464	2	0	-53.78	000000	000000	7614	090029	094632	092008	141372	137871	-49.37	2422	3022	+252	 0	+3	+3	16800	13440
125349	+84000	+100	+0.12	+84000	 83900	+14	286277	24164	+84000	+85300	-83500	2	-251002	-20764904300	-53.28	0.17	279	97.53	137464	2	0	-53.78	000000	000000	7614	090029	094632	092008	141372	137885	-49.38	2422	3023	+1176	 0	+14	+14	16800	13440
125355	 83900	 0	0.00	+84000	 83900	-33	286310	24167	+84000	+85300	-83500	3	-250969	-20762135600	-53.29	0.17	278	97.51	137301	2	0	-53.79	000000	000000	7615	090029	094632	092008	141405	137885	-49.37	2423	3023	-2768	-33	 0	-33	16780	13424
125400	 83900	 0	0.00	+84000	 83900	-8	286318	24168	+84000	+85300	-83500	3	-250961	-20761464400	-53.29	0.17	278	97.51	137301	2	0	-53.79	000000	000000	7612	090029	094632	092008	141413	137885	-49.37	2424	3023	-671	-8	 0	-8	16780	13424
125401	+84000	+100	+0.12	+84000	 83900	+1	286319	24168	+84000	+85300	-83500	2	-250960	-20761380400	-53.29	0.17	279	97.51	137464	2	0	-53.79	000000	000000	7612	090029	094632	092008	141413	137886	-49.37	2424	3024	+84	 0	+1	+1	16800	13440
125401	+84000	+100	+0.12	+84000	 83900	+4	286323	24168	+84000	+85300	-83500	2	-250956	-20761044400	-53.29	0.17	279	97.51	137464	2	0	-53.79	000000	000000	7613	090029	094632	092008	141413	137890	-49.37	2424	3025	+336	 0	+4	+4	16800	13440
125405	 83900	 0	0.00	+84000	 83900	-1	286324	24168	+84000	+85300	-83500	3	-250955	-20760960500	-53.29	0.17	278	97.51	137301	2	0	-53.79	000000	000000	7613	090029	094632	092008	141414	137890	-49.37	2425	3025	-83	-1	 0	-1	16780	13424
125406	 83900	 0	0.00	+84000	 83900	-1	286325	24169	+84000	+85300	-83500	3	-250954	-20760876600	-53.29	0.17	278	97.51	137301	2	0	-53.79	000000	000000	7613	090029	094632	092008	141415	137890	-49.37	2426	3025	-83	-1	 0	-1	16780	13424
125407	 83900	 0	0.00	+84000	 83900	-1	286326	24169	+84000	+85300	-83500	3	-250953	-20760792700	-53.29	0.17	278	97.51	137301	2	0	-53.79	000000	000000	7613	090029	094632	092008	141416	137890	-49.37	2427	3025	-83	-1	 0	-1	16780	13424
125413	+84000	+100	+0.12	+84000	 83900	+15	286341	24170	+84000	+85300	-83500	2	-250938	-20759532700	-53.29	0.17	279	97.52	137464	2	0	-53.80	000000	000000	7613	090029	094632	092008	141416	137905	-49.37	2427	3026	+1260	 0	+15	+15	16800	13440
125432	+84000	+100	+0.12	+84000	 83900	+2	286381	24173	+84000	+85300	-83500	2	-250898	-20756173200	-53.30	0.17	279	97.54	137464	2	0	-53.80	000000	000000	7612	090029	094632	092008	141421	137940	-49.38	2429	3030	+168	 0	+2	+2	16800	13440
125436	 83900	 0	0.00	+84000	 83900	-1	286382	24173	+84000	+85300	-83500	3	-250897	-20756089300	-53.30	0.17	278	97.54	137301	2	0	-53.80	000000	000000	7612	090029	094632	092008	141422	137940	-49.38	2430	3030	-83	-1	 0	-1	16780	13424
125437	 83900	 0	0.00	+84000	 83900	-2	286384	24173	+84000	+85300	-83500	3	-250895	-20755921500	-53.30	0.18	278	97.54	137301	2	0	-53.80	000000	000000	7612	090029	094632	092008	141424	137940	-49.38	2431	3030	-167	-2	 0	-2	16780	13424
125438	 83900	 0	0.00	+84000	 83900	-3	286387	24174	+84000	+85300	-83500	3	-250892	-20755669800	-53.30	0.18	278	97.53	137301	2	0	-53.80	000000	000000	7612	090029	094632	092008	141427	137940	-49.38	2432	3030	-251	-3	 0	-3	16780	13424
125443	 83900	 0	0.00	+84000	 83900	-18	286405	24175	+84000	+85300	-83500	3	-250874	-20754159600	-53.31	0.18	278	97.52	137301	2	0	-53.81	000000	000000	7613	090029	094632	092008	141445	137940	-49.37	2433	3030	-1510	-18	 0	-18	16780	13424
125443	+84000	+100	+0.12	+84000	 83900	+26	286431	24177	+84000	+85300	-83500	2	-250848	-20751975600	-53.31	0.18	279	97.54	137464	2	0	-53.81	000000	000000	7614	090029	094632	092008	141445	137966	-49.38	2433	3031	+2184	 0	+26	+26	16800	13440
125443	 83900	 0	0.00	+84000	 83900	-16	286447	24179	+84000	+85300	-83500	3	-250832	-20750633200	-53.31	0.18	278	97.53	137301	2	0	-53.82	000000	000000	7614	090029	094632	092008	141461	137966	-49.37	2434	3031	-1342	-16	 0	-16	16780	13424
125451	 83900	 0	0.00	+84000	 83900	-1	286448	24179	+84000	+85300	-83500	3	-250831	-20750549300	-53.31	0.18	278	97.53	137301	2	0	-53.82	000000	000000	7614	090029	094632	092008	141462	137966	-49.37	2435	3031	-83	-1	 0	-1	16780	13424
125456	 83900	 0	0.00	+84000	 83900	-1	286449	24179	+84000	+85300	-83500	3	-250830	-20750465400	-53.31	0.18	278	97.53	137301	2	0	-53.82	000000	000000	7614	090029	094632	092008	141463	137966	-49.37	2436	3031	-83	-1	 0	-1	16780	13424
125501	 83900	 0	0.00	+84000	 83900	-1	286450	24179	+84000	+85300	-83500	3	-250829	-20750381500	-53.31	0.18	278	97.53	137301	2	0	-53.82	000000	000000	7612	090029	094632	092008	141464	137966	-49.37	2437	3031	-83	-1	 0	-1	16780	13424
125503	 83900	 0	0.00	+84000	 83900	-4	286454	24179	+84000	+85300	-83500	3	-250825	-20750045900	-53.32	0.18	278	97.52	137301	2	0	-53.82	000000	000000	7613	090029	094632	092008	141468	137966	-49.37	2438	3031	-335	-4	 0	-4	16780	13424
125510	+84000	+100	+0.12	+84000	 83900	+1	286455	24179	+84000	+85300	-83500	2	-250824	-20749961900	-53.32	0.18	279	97.53	137464	2	0	-53.82	000000	000000	7613	090029	094632	092008	141468	137967	-49.37	2438	3032	+84	 0	+1	+1	16800	13440
125510	 83900	 0	0.00	+84000	 83900	-37	286492	24183	+84000	+85300	-83500	3	-250787	-20746857600	-53.32	0.18	278	97.50	137301	2	0	-53.82	000000	000000	7614	090029	094632	092008	141505	137967	-49.37	2439	3032	-3104	-37	 0	-37	16780	13424
125513	+84000	+100	+0.12	+84000	 83900	+5	286497	24183	+84000	+85300	-83500	2	-250782	-20746437600	-53.32	0.18	279	97.50	137464	2	0	-53.82	000000	000000	7614	090029	094632	092008	141505	137972	-49.37	2439	3033	+420	 0	+5	+5	16800	13440
125513	 83900	 0	0.00	+84000	 83900	-8	286505	24184	+84000	+85300	-83500	3	-250774	-20745766400	-53.33	0.18	278	97.50	137301	2	0	-53.83	000000	000000	7614	090029	094632	092008	141513	137972	-49.37	2440	3033	-671	-8	 0	-8	16780	13424
125520	+84000	+100	+0.12	+84000	 83900	+1	286506	24184	+84000	+85300	-83500	2	-250773	-20745682400	-53.33	0.18	279	97.50	137464	2	0	-53.83	000000	000000	7614	090029	094632	092008	141513	137973	-49.37	2440	3034	+84	 0	+1	+1	16800	13440
125521	 83900	 0	0.00	+84000	 83900	-1	286507	24184	+84000	+85300	-83500	3	-250772	-20745598500	-53.33	0.18	278	97.50	137301	2	0	-53.83	000000	000000	7614	090029	094632	092008	141514	137973	-49.37	2441	3034	-83	-1	 0	-1	16780	13424
125522	 83900	 0	0.00	+84000	 83900	-1	286508	24184	+84000	+85300	-83500	3	-250771	-20745514600	-53.33	0.18	278	97.50	137301	2	0	-53.83	000000	000000	7614	090029	094632	092008	141515	137973	-49.37	2442	3034	-83	-1	 0	-1	16780	13424
125522	 83900	 0	0.00	+84000	 83900	-1	286509	24184	+84000	+85300	-83500	3	-250770	-20745430700	-53.33	0.18	278	97.50	137301	2	0	-53.83	000000	000000	7614	090029	094632	092008	141516	137973	-49.37	2443	3034	-83	-1	 0	-1	16780	13424
125524	 83900	 0	0.00	+84000	 83900	-10	286519	24185	+84000	+85300	-83500	3	-250760	-20744591700	-53.33	0.18	278	97.49	137301	2	0	-53.83	000000	000000	7614	090029	094632	092008	141526	137973	-49.36	2444	3034	-839	-10	 0	-10	16780	13424
